·’ Β69999999999999. 999 sp

mmm-..9 . ,
9999 999 9999999999 99999999 9999999 999999 99999999 99999' 99999999
99999999 99999 99999 9999999 999996,
9999999 99999 9999999999 9999 999999999 99999 999 99 999999 99999 9
9999999999 9999999 99 9999999 999999999999 999, 9999 9999999
9999 99999999999 999 99 9999 999 9999 999 999 999 99999
99999 999 9999999999 9 999 99 999 99 9199999 99999 999 99999999

999 9999999999 999 99 99999999 9999 9999 999 999999999 999999
999999 9999999999999999 99999999 9999 9999 9999999 9999 9999
· 99999999 999 99999999 9999999999 9999999999 9999999 9999999 999 999 99999

999999 99999 99999999999 999999 . ’

9999999999999 9992999 999 99999 999 9999999 9999 999 99999 999 ,-

9999 9¹99 9999999999 999999 999 9999 9999 999 999 999 99 99 99 99. ‚

9999999999999999999 ”’”” ”’ ·

9999999999 Ὗ ἱ

999999999999999 999999999999999999 9999999999999 › 1 ³
19'. 99999999 99999999999999999999 99999999 ,

9999999 999

&bs 9999 999 999 99999 9999 999 9999999 999 9999999999 9999999 ’
9999999 999 9999 99 9999 9999 9999 99 99999 99999999 999 999

§geatwa 999 9999 99 99999999 9999999999 999 99 999 9999999 9999 999 ¹. Ι
9 9999 9999 999999999999 999 99999999 39 999 9999

999999 9999999999999 999 999999999 9999999999 999 999999999999 '9

' 99999999999 999 99 999 9999999 99 999999 9999 999999 9999999 999 999 . ⁵
9 ’,99999999 9999999999 99999999 9

9999919 9999999 9999999999 (999999 99999999 9999 9999'9

179999oe999999999999999999999 ’ ,

999 999 999 9999999 999 999199999 9999 999 999 99 999 999 99· · Ι
99999 &Quwfgssteffittffiggfftg9 ¹ss Q? &wiltu
9999Θ999 99 999 99999 99 999 99 9999 999999 99 999 99 9999 999
9999999999 99999999 999 999999 99999 999 9999999999 9999999999 99999 9999
9999999 999 999 99999 9999 99999 9999999 999 9999999999 99999999‘9
9999999999 999999 99999 9999999999999999'99999 &9999999 99999999· =

99999 99999 999999 9, 9999 939‘193399999999999999959959

 

