. 573* . Qud-nuzo. .
amm

mm„ 119111 1111111111 1111111111111111111111111111111

111111111111111111111111111111111111 11111 -. ,

9 111111111111111111111111111111111111111111.

1111111111) 11111111111111111111111111. 11111111
111111111111111111ὃ11111111111111111 11111· 111 111111

1111 1111111111111111111 1111 11111111111111111111 111111
111111 111 1111111111 1111111111111Ὗ1111111111111 1111111111 11111111
1111111 1111111111111111111111111111111111111111111,311111111ιᾶι

zm 111111111111111111111111111 111 111111 mm

- 11 111111111111111111111111111111111

111111111111111111 11111111 111111 111111 11111 1111111111 111
111111 11111 111 1111111111 1111111 11111111 11111 11111 1111111

, ” &mammam 111111 11111 Μ 111 11111111 1111, 111 111
, 11 1111111111 11111 11111 1111 &wamma

’ 1111111111111111 1111111111 1111111111
11111111111111111111111111111111111111·’11111111111111111111ὃ1

1111 11111111 11111 11111111 1111111111 mmmmm

' , ε11111111111111111111111111111111111’1111111111 mmmm

1111 111111 111111111111111111111111 1111111 11 1111 1111111111

. 111111111111111111111111111111111111 111111 111111 1111111

1111111111111111111111111111111111111111111111 11111 1111111111
1111111111 111111 111311 1111111111111111111 11111111 1111111
111111111111111111111111111111

, 11 11111111111111111131 1111111111111111
- · · 11111111111111

. 1111111111111111111111111111111111111111111111111111
111111111111111111111111 1111111 111111111111111 1111111111

“ ’ “ ⁵ 11111 11111111111111111111111111111111 1111111111) 1111111111

1111111 111111 1111111111 111 111 11111111111111111 111 1111111111
11111111111111111111 1111111111 11111 1111111 1111111111 1111

1111111111111111111111111111111111111111111 ·’
’ · 1111111

 

