ΞΞἪ 1191 1991 9191919 111 91111 1911111 91111 911111111119111 1191
= 111 11191191911199119111991 9991111191 191111111Μ

99999111991111111991991191111111 1111119 111911 191 9911 911 ·

. ’ 1199111 1199119 111 11191119 191 11191 119919 111 191 1911191111Μῇ

’ 111111119191111919999919911119119111391191199119191 11

1911111119 11119199 9111111919 11111 191191111111111Μ11991111111111
9111111 19111119 111 191 191111 11111911 9111111911 311 111 1111111131(
1911111111919111 19991119 1911911911919 ξ

1111911111 11199 1999 119 11111119· 91111119
, 1119119191

’ J 131919919111111111119 1191111111111119911119111Μ

, ’ ’ 1911 1111199119 9111119 1191991199

1191 1111191191 19191911111119191999911111111 191 11 Su
· 11191119111919199111911 9111119111Ὓ11ἒ119ᾊξ11ἓὼ11 91191111,
11111111111111111191111191119Ἢ ’

’ 91919119911911111111111919111 1919119191

· 19199119199191111191991199911111119919
11111119 91111119 11111 11911119 191 11199111 1119119191

99999111911191911111111 111 19 111911111119111111””’ 1””

’, , 9111191911191111911191111111111111111111111111 1

1111 d) 9111 1119191 1911191391 1111111111 91119 1911
9199191911

1181119111 19199911199111191219 91 1919119919, ξ

. 11111119, 9111111 91111 11999199119991 111991911191111111111.
= 1111119 11111 111111 9111991 9199 (11111111 1191 9111111 1111111911 x

111 1191111111 9111191199 919991911111911 &a 11 91 11911

’ ” x 111119111911391111,11191111111 11111 1191111111 1111111

· 911111119191911199919191919919 9111 11111111 1919911 111 111111,

⁴· 9111111919 991119 1911191191 9111199119 1119111119 ‘ww
1111 1999111 9111111 9111191191 9111111 1911111191 1111191911

magau 1911 9111 111 11119119 11199911 19111 9119111119 &W
. 11199 1119 1111111919 1199199119 91111 19 991119 99911991

 

